code,name,market,sector,signal,close,ret5d_pct,vol_ratio,atr_pct,turn20_oku,dev25_pct,above75,hi52w,ret1d_pct,flag_liquidity,flag_atr,flag_extended,flag_gap,ev_pct,win_rate,n_hist,ev_source,ev_stock_pct,n_stock,tp_ref,sl_ref
4205,日本ゼオン,プライム,化学,pullback,2444.0,2.75,1.39,2.01,21.6,1.25,True,False,1.79,OK,OK,OK,OK,0.87,53.1,2621,地合い別,5.1,9,2737.3,2297.4
7276,小糸製作所,プライム,電気機器,pullback,2715.5,2.8,1.05,1.81,20.0,1.97,True,False,1.06,OK,OK,OK,OK,0.87,53.1,2621,地合い別,4.33,5,3041.4,2552.6
4272,日本化薬,プライム,化学,pullback,2108.5,2.11,1.04,1.86,13.1,1.48,True,False,1.2,OK,OK,OK,OK,0.87,53.1,2621,地合い別,1.36,8,2361.5,1982.0
8060,キヤノンマーケティングジャパン,プライム,卸売業,pullback,3733.0,1.08,1.02,1.7,11.1,1.32,True,False,-0.03,OK,OK,OK,OK,0.87,53.1,2621,地合い別,-0.43,16,4181.0,3509.0
4206,アイカ工業,プライム,化学,pullback,4246.0,0.59,1.3,1.67,10.3,1.59,True,False,1.38,OK,OK,OK,OK,0.87,53.1,2621,地合い別,-0.06,10,4755.5,3991.2
9069,センコーグループホールディングス,プライム,陸運業,pullback,2307.5,-1.58,1.1,1.88,8.2,1.21,True,False,1.83,OK,OK,OK,OK,0.87,53.1,2621,地合い別,-2.26,6,2584.4,2169.0
7740,タムロン,プライム,精密機器,breakout,1439.0,6.28,2.63,1.58,5.4,5.68,True,False,5.11,OK,OK,OK,OK,0.46,51.8,1820,地合い別,1.9,2,1611.7,1352.7
8354,ふくおかフィナンシャルグループ,プライム,銀行業,pullback,7853.0,-0.53,1.02,2.58,64.2,0.58,True,False,0.82,OK,NG,OK,OK,0.87,53.1,2621,地合い別,-0.69,8,8795.4,7381.8
8358,スルガ銀行,プライム,銀行業,pullback,2919.0,0.07,1.39,3.05,28.9,0.56,True,False,-0.58,OK,NG,OK,OK,0.87,53.1,2621,地合い別,7.15,7,3269.3,2743.9
4597,ソレイジア・ファーマ,グロース,医薬品,pullback,31.0,3.33,1.15,5.53,19.1,3.61,True,False,-3.12,OK,NG,OK,OK,0.87,53.1,2621,地合い別,,0,34.7,29.1
6058,ベクトル,プライム,サービス業,pullback,1988.0,2.11,1.84,3.6,8.9,0.31,True,False,-3.73,OK,NG,OK,OK,0.87,53.1,2621,地合い別,,0,2226.6,1868.7
6737,ＥＩＺＯ,プライム,電気機器,pullback,3200.0,4.49,1.11,2.4,4.6,3.41,True,False,3.23,NG,OK,OK,OK,0.87,53.1,2621,地合い別,2.69,1,3584.0,3008.0
2334,イオレ,グロース,サービス業,pullback,581.0,-0.68,1.08,4.0,4.5,1.45,True,False,2.11,NG,NG,OK,OK,0.87,53.1,2621,地合い別,,0,650.7,546.1
5246,ＥＬＥＭＥＮＴＳ,グロース,情報・通信業,pullback,878.0,4.77,1.83,3.93,3.4,3.66,True,False,6.3,NG,NG,OK,NG,0.87,53.1,2621,地合い別,,0,983.4,825.3
8032,日本紙パルプ商事,プライム,卸売業,pullback,1246.0,-1.03,1.07,1.98,2.8,0.8,True,False,0.48,NG,OK,OK,OK,0.87,53.1,2621,地合い別,,0,1395.5,1171.2
8558,東和銀行,プライム,銀行業,pullback,1533.0,-3.22,1.05,3.85,2.8,1.75,True,False,-1.48,NG,NG,OK,OK,0.87,53.1,2621,地合い別,,0,1717.0,1441.0
9424,日本通信,プライム,情報・通信業,pullback,119.0,3.48,1.04,2.4,2.5,0.37,True,False,0.85,NG,OK,OK,OK,0.87,53.1,2621,地合い別,,0,133.3,111.9
3864,三菱製紙,プライム,パルプ・紙,pullback,1208.0,-1.63,1.0,2.32,1.7,0.43,True,False,-1.23,NG,OK,OK,OK,0.87,53.1,2621,地合い別,,0,1353.0,1135.5
6418,日本金銭機械,プライム,機械,pullback,1254.0,0.0,1.07,2.34,1.6,1.27,True,False,0.24,NG,OK,OK,OK,0.87,53.1,2621,地合い別,,0,1404.5,1178.8
8103,明和産業,プライム,卸売業,pullback,1005.0,-0.5,1.2,1.69,1.5,2.17,True,False,1.31,NG,OK,OK,OK,0.87,53.1,2621,地合い別,,0,1125.6,944.7
4611,大日本塗料,プライム,化学,pullback,1582.0,0.06,1.03,1.77,1.0,1.17,True,False,1.74,NG,OK,OK,OK,0.87,53.1,2621,地合い別,,0,1771.8,1487.1
7888,三光合成,プライム,化学,pullback,905.0,-0.44,1.03,1.8,0.9,0.83,True,False,-0.22,NG,OK,OK,OK,0.87,53.1,2621,地合い別,,0,1013.6,850.7
6574,コンヴァノ,グロース,サービス業,pullback,123.0,2.5,1.11,4.01,0.8,3.33,True,False,-0.81,NG,NG,OK,OK,0.87,53.1,2621,地合い別,,0,137.8,115.6
460A,ＢＲＡＮＵ,グロース,情報・通信業,pullback,1160.0,-4.76,1.97,7.67,0.6,2.71,True,False,-5.31,NG,NG,OK,OK,0.87,53.1,2621,地合い別,,0,1299.2,1090.4
2930,北の達人コーポレーション,プライム,化学,pullback,134.0,-1.47,1.14,2.56,0.5,1.81,True,False,1.52,NG,NG,OK,OK,0.87,53.1,2621,地合い別,,0,150.1,126.0
3547,ユニシアホールディングス,スタンダード,小売業,pullback,1936.0,-0.82,1.1,1.48,0.5,1.57,True,False,0.31,NG,OK,OK,OK,0.87,53.1,2621,地合い別,,0,2168.3,1819.8
6835,アライドテレシスホールディングス,スタンダード,電気機器,pullback,269.0,0.37,1.08,2.52,0.5,1.68,True,False,-1.1,NG,NG,OK,OK,0.87,53.1,2621,地合い別,,0,301.3,252.9
1921,巴コーポレーション,スタンダード,建設業,pullback,2065.0,1.03,2.04,3.87,0.3,6.03,True,False,3.98,NG,NG,OK,OK,0.87,53.1,2621,地合い別,,0,2312.8,1941.1
4113,田岡化学工業,スタンダード,化学,pullback,817.0,-0.24,1.1,1.94,0.2,1.8,True,False,1.11,NG,OK,OK,OK,0.87,53.1,2621,地合い別,,0,915.0,768.0
6643,戸上電機製作所,スタンダード,電気機器,pullback,5840.0,4.29,3.05,3.08,0.2,3.55,True,False,4.47,NG,NG,OK,OK,0.87,53.1,2621,地合い別,,0,6540.8,5489.6
9438,エムティーアイ,プライム,情報・通信業,pullback,609.0,0.5,1.13,2.07,0.2,1.59,True,False,0.66,NG,OK,OK,OK,0.87,53.1,2621,地合い別,,0,682.1,572.5
1840,土屋ホールディングス,スタンダード,建設業,pullback,256.0,1.59,1.85,1.9,0.1,0.19,True,False,-1.16,NG,OK,OK,OK,0.87,53.1,2621,地合い別,,0,286.7,240.6
291A,リスキル,グロース,サービス業,pullback,2012.0,-0.98,1.25,1.86,0.1,0.24,True,False,-0.2,NG,OK,OK,OK,0.87,53.1,2621,地合い別,,0,2253.4,1891.3
3068,ＷＤＩ,スタンダード,小売業,pullback,3080.0,0.49,1.9,0.75,0.1,0.74,True,False,0.0,NG,OK,OK,OK,0.87,53.1,2621,地合い別,,0,3449.6,2895.2
339A,プログレス・テクノロジーズ　グループ,グロース,サービス業,pullback,923.0,-0.22,2.11,1.8,0.1,0.4,True,False,-2.02,NG,OK,OK,OK,0.87,53.1,2621,地合い別,,0,1033.8,867.6
550A,ソフトテックス,スタンダード,情報・通信業,pullback,2279.0,4.54,1.55,2.18,0.1,3.58,True,,0.84,NG,OK,OK,OK,0.87,53.1,2621,地合い別,,0,2552.5,2142.3
6907,ジオマテック,スタンダード,電気機器,pullback,799.0,1.52,4.33,2.8,0.1,2.6,True,False,0.88,NG,NG,OK,OK,0.87,53.1,2621,地合い別,,0,894.9,751.1
7080,スポーツフィールド,グロース,サービス業,pullback,898.0,0.67,1.07,1.66,0.1,1.52,True,False,0.22,NG,OK,OK,OK,0.87,53.1,2621,地合い別,,0,1005.8,844.1
7343,ブロードマインド,グロース,保険業,pullback,1306.0,1.16,1.15,1.73,0.1,1.14,True,False,0.38,NG,OK,OK,OK,0.87,53.1,2621,地合い別,,0,1462.7,1227.6
7604,梅の花グループ,スタンダード,小売業,pullback,911.0,-1.19,1.1,0.62,0.1,0.12,True,False,0.0,NG,OK,OK,OK,0.87,53.1,2621,地合い別,,0,1020.3,856.3
7781,平山ホールディングス,スタンダード,精密機器,pullback,893.0,1.59,1.08,1.8,0.1,1.41,True,False,1.36,NG,OK,OK,OK,0.87,53.1,2621,地合い別,,0,1000.2,839.4
7827,オービス,スタンダード,その他製品,pullback,1777.0,-2.04,1.79,1.64,0.1,1.23,True,False,0.62,NG,OK,OK,OK,0.87,53.1,2621,地合い別,,0,1990.2,1670.4
8030,中央魚類,スタンダード,卸売業,pullback,3905.0,-0.38,1.68,0.94,0.1,0.16,True,False,0.13,NG,OK,OK,OK,0.87,53.1,2621,地合い別,,0,4373.6,3670.7
8202,ラオックスホールディングス,スタンダード,小売業,pullback,150.0,1.35,1.02,0.86,0.1,1.16,True,False,0.67,NG,OK,OK,OK,0.87,53.1,2621,地合い別,,0,168.0,141.0
9753,アイエックス・ナレッジ,スタンダード,情報・通信業,pullback,1414.0,-1.53,2.09,2.09,0.1,0.36,True,False,0.28,NG,OK,OK,OK,0.87,53.1,2621,地合い別,,0,1583.7,1329.2
9872,北恵,スタンダード,卸売業,pullback,965.0,0.84,7.73,1.05,0.1,0.87,True,False,1.79,NG,OK,OK,OK,0.87,53.1,2621,地合い別,,0,1080.8,907.1
9913,日邦産業,スタンダード,卸売業,pullback,3750.0,1.76,1.85,2.29,0.1,2.92,True,False,-0.53,NG,OK,OK,OK,0.87,53.1,2621,地合い別,,0,4200.0,3525.0
1383,ベルグアース,スタンダード,水産・農林業,pullback,3030.0,-0.33,1.31,0.93,0.0,0.47,True,False,-0.98,NG,OK,OK,OK,0.87,53.1,2621,地合い別,,0,3393.6,2848.2
1724,シンクレイヤ,スタンダード,建設業,pullback,720.0,-1.5,1.1,1.03,0.0,0.04,True,False,-1.5,NG,OK,OK,OK,0.87,53.1,2621,地合い別,,0,806.4,676.8
2481,タウンニュース社,スタンダード,サービス業,pullback,706.0,-4.34,2.26,1.62,0.0,1.51,True,False,0.86,NG,OK,OK,OK,0.87,53.1,2621,地合い別,,0,790.7,663.6
2668,タビオ,スタンダード,卸売業,pullback,1278.0,0.24,1.22,0.38,0.0,0.57,True,False,0.39,NG,OK,OK,OK,0.87,53.1,2621,地合い別,,0,1431.4,1201.3
2747,北雄ラッキー,スタンダード,小売業,pullback,3185.0,-0.16,1.25,0.83,0.0,1.08,True,False,-1.09,NG,OK,OK,OK,0.87,53.1,2621,地合い別,,0,3567.2,2993.9
2769,ヴィレッジヴァンガードコーポレーション,スタンダード,小売業,pullback,933.0,0.32,1.24,0.52,0.0,0.74,True,False,0.11,NG,OK,OK,OK,0.87,53.1,2621,地合い別,,0,1045.0,877.0
3058,三洋堂ホールディングス,スタンダード,小売業,pullback,715.0,0.28,1.99,0.83,0.0,0.53,True,False,0.42,NG,OK,OK,OK,0.87,53.1,2621,地合い別,,0,800.8,672.1
3246,コーセーアールイー,スタンダード,不動産業,pullback,696.0,0.72,1.53,0.75,0.0,0.81,True,False,0.72,NG,OK,OK,OK,0.87,53.1,2621,地合い別,,0,779.5,654.2
3317,フライングガーデン,スタンダード,小売業,pullback,1498.0,0.47,1.34,0.59,0.0,0.82,True,False,0.54,NG,OK,OK,OK,0.87,53.1,2621,地合い別,,0,1677.8,1408.1
3361,トーエル,スタンダード,小売業,pullback,907.0,0.44,1.52,1.38,0.0,0.97,True,False,0.22,NG,OK,OK,OK,0.87,53.1,2621,地合い別,,0,1015.8,852.6
3641,パピレス,スタンダード,情報・通信業,pullback,1001.0,0.5,1.28,0.51,0.0,0.84,True,False,0.2,NG,OK,OK,OK,0.87,53.1,2621,地合い別,,0,1121.1,940.9
3948,光ビジネスフォーム,スタンダード,パルプ・紙,pullback,1187.0,0.51,1.05,0.92,0.0,0.78,True,False,-0.25,NG,OK,OK,OK,0.87,53.1,2621,地合い別,,0,1329.4,1115.8
4247,ポバール興業,スタンダード,化学,pullback,1402.0,1.67,1.23,0.98,0.0,0.19,True,False,-1.54,NG,OK,OK,OK,0.87,53.1,2621,地合い別,,0,1570.2,1317.9
4356,応用技術,スタンダード,情報・通信業,pullback,1658.0,-0.36,3.08,1.4,0.0,1.7,True,False,0.61,NG,OK,OK,OK,0.87,53.1,2621,地合い別,,0,1857.0,1558.5
4372,ユミルリンク,グロース,情報・通信業,pullback,1329.0,-1.56,1.4,0.79,0.0,0.41,True,False,-0.15,NG,OK,OK,OK,0.87,53.1,2621,地合い別,,0,1488.5,1249.3
4645,市進ホールディングス,スタンダード,サービス業,pullback,443.0,0.45,3.11,0.76,0.0,1.16,True,False,-0.45,NG,OK,OK,OK,0.87,53.1,2621,地合い別,,0,496.2,416.4
6059,ウチヤマホールディングス,スタンダード,サービス業,pullback,370.0,1.93,1.15,1.91,0.0,1.05,True,False,-0.54,NG,OK,OK,OK,0.87,53.1,2621,地合い別,,0,414.4,347.8
6662,ユビテック,スタンダード,電気機器,pullback,229.0,0.44,3.05,1.87,0.0,0.85,True,False,0.44,NG,OK,OK,OK,0.87,53.1,2621,地合い別,,0,256.5,215.3
7021,ニッチツ,スタンダード,機械,pullback,2400.0,-3.42,1.63,3.16,0.0,3.83,True,False,-1.03,NG,NG,OK,OK,0.87,53.1,2621,地合い別,,0,2688.0,2256.0
7443,横浜魚類,スタンダード,卸売業,pullback,675.0,1.05,1.05,1.26,0.0,0.96,True,False,-1.03,NG,OK,OK,OK,0.87,53.1,2621,地合い別,,0,756.0,634.5
7677,ヤシマキザイ,スタンダード,卸売業,pullback,2750.0,1.97,1.58,1.32,0.0,0.22,True,False,-1.79,NG,OK,OK,OK,0.87,53.1,2621,地合い別,,0,3080.0,2585.0
7809,壽屋,スタンダード,その他製品,pullback,1325.0,0.38,1.12,0.41,0.0,0.13,True,False,0.08,NG,OK,OK,OK,0.87,53.1,2621,地合い別,,0,1484.0,1245.5
7813,プラッツ,スタンダード,その他製品,pullback,923.0,4.41,2.15,2.17,0.0,2.15,True,False,3.59,NG,OK,OK,OK,0.87,53.1,2621,地合い別,,0,1033.8,867.6
7975,リヒトラブ,スタンダード,その他製品,pullback,1171.0,-2.42,4.82,1.45,0.0,0.3,True,False,0.86,NG,OK,OK,OK,0.87,53.1,2621,地合い別,,0,1311.5,1100.7
8040,東京ソワール,スタンダード,繊維製品,pullback,1052.0,-0.19,1.7,0.98,0.0,0.39,True,False,0.19,NG,OK,OK,OK,0.87,53.1,2621,地合い別,,0,1178.2,988.9
9215,ＣａＳｙ,グロース,サービス業,pullback,1002.0,-0.2,1.14,1.43,0.0,0.93,True,False,-0.89,NG,OK,OK,OK,0.87,53.1,2621,地合い別,,0,1122.2,941.9
9242,メディア総研,グロース,サービス業,pullback,1990.0,1.53,1.33,0.99,0.0,1.85,True,False,1.02,NG,OK,OK,OK,0.87,53.1,2621,地合い別,,0,2228.8,1870.6
9417,スマートバリュー,スタンダード,情報・通信業,pullback,338.0,1.81,2.16,2.45,0.0,1.02,True,False,0.6,NG,OK,OK,OK,0.87,53.1,2621,地合い別,,0,378.6,317.7
6723,ルネサスエレクトロニクス,プライム,電気機器,breakout,3862.0,11.65,1.79,3.85,363.2,14.6,False,False,8.03,OK,NG,NG,NG,0.46,51.8,1820,地合い別,,0,4325.4,3630.3
4004,レゾナック・ホールディングス,プライム,化学,breakout,18000.0,24.64,1.82,5.39,341.0,17.79,True,False,4.17,OK,NG,NG,OK,0.46,51.8,1820,地合い別,5.95,1,20160.0,16920.0
6762,ＴＤＫ,プライム,電気機器,breakout,3447.0,17.44,2.18,3.63,321.0,16.54,True,False,7.79,OK,NG,NG,NG,0.46,51.8,1820,地合い別,11.8,1,3860.6,3240.2
6479,ミネベアミツミ,プライム,電気機器,breakout,3918.0,10.77,1.78,2.96,92.7,12.49,True,False,2.16,OK,NG,NG,OK,0.46,51.8,1820,地合い別,-6.2,2,4388.2,3682.9
6323,ローツェ,プライム,機械,breakout,4495.0,21.16,1.84,4.19,51.5,18.22,True,False,6.57,OK,NG,NG,NG,0.46,51.8,1820,地合い別,,0,5034.4,4225.3
4980,デクセリアルズ,プライム,化学,breakout,3474.0,16.03,1.62,3.14,47.2,15.03,False,False,2.51,OK,NG,NG,OK,0.46,51.8,1820,地合い別,,0,3890.9,3265.6
338A,ＺｅｎｍｕＴｅｃｈ,グロース,情報・通信業,breakout,4285.0,41.89,2.05,10.71,42.2,45.36,True,False,5.54,OK,NG,NG,OK,0.46,51.8,1820,地合い別,,0,4799.2,4027.9
3064,ＭｏｎｏｔａＲＯ,プライム,小売業,breakout,2089.5,7.96,1.57,2.69,37.4,7.8,True,False,1.43,OK,NG,NG,OK,0.46,51.8,1820,地合い別,,0,2340.2,1964.1
6407,ＣＫＤ,プライム,機械,breakout,6040.0,16.38,1.7,3.73,28.0,13.96,False,False,5.41,OK,NG,NG,OK,0.46,51.8,1820,地合い別,9.14,2,6764.8,5677.6
3692,ＦＦＲＩセキュリティ,グロース,情報・通信業,breakout,8150.0,15.11,1.78,7.32,23.5,21.08,True,False,7.24,OK,NG,NG,NG,0.46,51.8,1820,地合い別,,0,9128.0,7661.0
5991,日本発條,プライム,金属製品,breakout,3661.0,7.74,1.92,2.26,21.9,8.6,True,False,5.78,OK,OK,NG,OK,0.46,51.8,1820,地合い別,1.34,4,4100.3,3441.3
6254,野村マイクロ・サイエンス,プライム,機械,breakout,3665.0,7.48,1.64,3.12,16.5,7.55,False,False,4.56,OK,NG,NG,OK,0.46,51.8,1820,地合い別,,0,4104.8,3445.1
6490,ＰＩＬＬＡＲ,プライム,機械,breakout,12180.0,13.94,1.9,3.58,11.4,22.55,True,True,5.45,OK,NG,NG,OK,0.46,51.8,1820,地合い別,,0,13641.6,11449.2
2962,テクニスコ,スタンダード,金属製品,breakout,2898.0,38.59,1.98,8.05,10.7,51.26,True,True,6.08,OK,NG,NG,NG,0.46,51.8,1820,地合い別,,0,3245.8,2724.1
7717,ブイ・テクノロジー,プライム,精密機器,breakout,6950.0,16.61,1.81,4.03,10.4,19.28,True,False,6.43,OK,NG,NG,NG,0.46,51.8,1820,地合い別,,0,7784.0,6533.0
6264,マルマエ,プライム,機械,breakout,2230.0,15.19,1.53,3.68,9.1,14.57,True,False,5.39,OK,NG,NG,OK,0.46,51.8,1820,地合い別,,0,2497.6,2096.2
7384,プロクレアホールディングス,プライム,銀行業,breakout,5890.0,4.8,1.82,4.3,8.7,14.38,True,True,2.97,OK,NG,NG,OK,0.46,51.8,1820,地合い別,,0,6596.8,5536.6
6807,日本航空電子工業,プライム,電気機器,breakout,2705.0,6.41,2.07,2.03,6.7,7.39,True,False,3.17,OK,OK,NG,OK,0.46,51.8,1820,地合い別,-0.97,5,3029.6,2542.7
3993,ＰＫＳＨＡ　Ｔｅｃｈｎｏｌｏｇｙ,プライム,情報・通信業,breakout,3325.0,6.06,1.52,2.68,6.2,4.27,True,False,1.68,OK,NG,OK,OK,0.46,51.8,1820,地合い別,,0,3724.0,3125.5
6800,ヨコオ,プライム,電気機器,breakout,4895.0,11.43,1.64,3.66,6.0,18.44,True,False,4.93,OK,NG,NG,OK,0.46,51.8,1820,地合い別,,0,5482.4,4601.3
4477,ＢＡＳＥ,グロース,情報・通信業,breakout,404.0,20.24,7.5,2.42,5.9,17.66,True,True,9.19,OK,OK,NG,NG,0.46,51.8,1820,地合い別,,0,452.5,379.8
6516,山洋電気,プライム,電気機器,breakout,5740.0,6.1,1.7,2.51,5.0,7.64,False,False,3.61,NG,NG,NG,OK,0.46,51.8,1820,地合い別,,0,6428.8,5395.6
6914,オプテックスグループ,プライム,電気機器,breakout,3390.0,4.79,1.8,2.55,4.8,6.68,False,False,4.95,NG,NG,OK,OK,0.46,51.8,1820,地合い別,,0,3796.8,3186.6
4493,サイバーセキュリティクラウド,グロース,情報・通信業,breakout,2118.0,11.47,3.67,4.7,4.5,11.71,True,False,7.35,NG,NG,NG,NG,0.46,51.8,1820,地合い別,,0,2372.2,1990.9
7245,大同メタル工業,プライム,輸送用機器,breakout,1268.0,9.88,2.11,2.93,4.5,8.46,False,False,2.59,NG,NG,NG,OK,0.46,51.8,1820,地合い別,,0,1420.2,1191.9
6652,ＩＤＥＣ,プライム,電気機器,breakout,4060.0,7.84,3.85,2.57,4.4,9.94,True,True,6.28,NG,NG,NG,NG,0.46,51.8,1820,地合い別,,0,4547.2,3816.4
6474,不二越,プライム,機械,breakout,5780.0,4.52,4.65,2.47,4.0,5.88,True,False,2.66,NG,OK,OK,OK,0.46,51.8,1820,地合い別,,0,6473.6,5433.2
4968,荒川化学工業,プライム,化学,breakout,2500.0,8.86,1.58,4.03,3.9,13.19,True,False,7.76,NG,NG,NG,NG,0.46,51.8,1820,地合い別,,0,2800.0,2350.0
6866,日置電機,プライム,電気機器,breakout,11810.0,13.45,2.28,3.12,3.8,13.09,True,False,8.55,NG,NG,NG,NG,0.46,51.8,1820,地合い別,,0,13227.2,11101.4
7995,バルカー,プライム,化学,breakout,7250.0,9.77,2.85,2.77,3.6,9.57,True,False,5.07,NG,NG,NG,OK,0.46,51.8,1820,地合い別,,0,8120.0,6815.0
7734,理研計器,プライム,精密機器,breakout,3615.0,2.7,1.8,2.63,3.5,5.05,True,False,3.43,NG,NG,OK,OK,0.46,51.8,1820,地合い別,,0,4048.8,3398.1
4973,日本高純度化学,プライム,化学,breakout,5100.0,6.81,3.03,2.17,3.2,6.26,True,False,6.81,NG,OK,OK,NG,0.46,51.8,1820,地合い別,,0,5712.0,4794.0
3040,ソリトンシステムズ,プライム,情報・通信業,breakout,2742.0,3.51,1.79,3.82,3.1,11.39,True,True,3.55,NG,NG,NG,OK,0.46,51.8,1820,地合い別,,0,3071.0,2577.5
6145,ＮＩＴＴＯＫＵ,スタンダード,機械,breakout,2900.0,9.85,1.57,2.84,2.6,13.2,True,False,1.86,NG,NG,NG,OK,0.46,51.8,1820,地合い別,,0,3248.0,2726.0
6877,ＯＢＡＲＡ　ＧＲＯＵＰ,スタンダード,電気機器,breakout,6160.0,5.48,1.67,3.0,2.6,10.7,True,False,4.41,NG,NG,NG,OK,0.46,51.8,1820,地合い別,,0,6899.2,5790.4
7970,信越ポリマー,プライム,化学,breakout,2459.0,5.4,1.5,1.92,2.6,8.38,True,False,2.2,NG,OK,NG,OK,0.46,51.8,1820,地合い別,,0,2754.1,2311.5
4109,ステラ　ケミファ,プライム,化学,breakout,5550.0,5.11,1.98,2.05,2.4,3.98,False,False,4.52,NG,OK,OK,OK,0.46,51.8,1820,地合い別,,0,6216.0,5217.0
3374,内外テック,スタンダード,卸売業,breakout,5250.0,17.32,1.72,3.99,1.8,21.96,True,True,4.37,NG,NG,NG,OK,0.46,51.8,1820,地合い別,,0,5880.0,4935.0
7366,ＬＩＴＡＬＩＣＯ,プライム,サービス業,breakout,1975.0,2.76,1.53,2.3,1.6,5.88,True,True,2.17,NG,OK,OK,OK,0.46,51.8,1820,地合い別,,0,2212.0,1856.5
4382,ＨＥＲＯＺ,スタンダード,情報・通信業,breakout,893.0,4.32,2.89,4.22,1.4,10.58,True,False,4.57,NG,NG,NG,OK,0.46,51.8,1820,地合い別,,0,1000.2,839.4
3967,エルテス,グロース,情報・通信業,breakout,800.0,38.65,147.72,4.29,1.2,34.95,True,True,3.49,NG,NG,NG,OK,0.46,51.8,1820,地合い別,,0,896.0,752.0
436A,サイバーソリューションズ,グロース,情報・通信業,breakout,1403.0,7.1,1.86,3.53,0.9,11.99,True,False,1.15,NG,NG,NG,OK,0.46,51.8,1820,地合い別,,0,1571.4,1318.8
4884,クリングルファーマ,グロース,医薬品,breakout,564.0,12.57,5.77,5.08,0.7,22.19,True,False,16.53,NG,NG,NG,NG,0.46,51.8,1820,地合い別,,0,631.7,530.2
6832,アオイ電子,スタンダード,電気機器,breakout,2749.0,8.66,2.61,3.24,0.7,14.0,True,False,8.91,NG,NG,NG,NG,0.46,51.8,1820,地合い別,,0,3078.9,2584.1
196A,ＭＦＳ,グロース,その他金融業,breakout,363.0,10.67,1.8,3.56,0.4,9.76,True,False,10.33,NG,NG,NG,NG,0.46,51.8,1820,地合い別,,0,406.6,341.2
5256,Ｆｕｓｉｃ,グロース,情報・通信業,breakout,3740.0,9.84,2.65,6.05,0.4,25.87,True,False,6.25,NG,NG,NG,NG,0.46,51.8,1820,地合い別,,0,4188.8,3515.6
7089,フォースタートアップス,グロース,サービス業,breakout,1542.0,10.54,13.82,3.38,0.4,7.49,True,False,9.67,NG,NG,NG,NG,0.46,51.8,1820,地合い別,,0,1727.0,1449.5
7901,マツモト,スタンダード,その他製品,breakout,1162.0,44.89,18.68,5.97,0.4,35.54,True,False,3.94,NG,NG,NG,OK,0.46,51.8,1820,地合い別,,0,1301.4,1092.3
4412,サイエンスアーツ,グロース,情報・通信業,breakout,1535.0,9.25,1.87,2.77,0.3,11.46,True,False,2.68,NG,NG,NG,OK,0.46,51.8,1820,地合い別,,0,1719.2,1442.9
3634,ソケッツ,スタンダード,情報・通信業,breakout,738.0,23.62,93.08,2.87,0.2,22.19,True,False,5.73,NG,NG,NG,OK,0.46,51.8,1820,地合い別,,0,826.6,693.7
5599,Ｓ＆Ｊ,グロース,情報・通信業,breakout,1155.0,8.45,4.52,3.95,0.2,10.78,True,False,5.1,NG,NG,NG,OK,0.46,51.8,1820,地合い別,,0,1293.6,1085.7
5983,イワブチ,スタンダード,金属製品,breakout,15140.0,10.07,3.04,1.86,0.2,9.56,True,False,4.41,NG,OK,NG,OK,0.46,51.8,1820,地合い別,,0,16956.8,14231.6
6338,タカトリ,スタンダード,機械,breakout,1739.0,5.52,1.84,2.47,0.2,4.79,True,False,2.23,NG,OK,OK,OK,0.46,51.8,1820,地合い別,,0,1947.7,1634.7
3161,アゼアス,スタンダード,卸売業,breakout,690.0,2.53,12.25,1.59,0.1,2.95,True,False,2.99,NG,OK,OK,OK,0.46,51.8,1820,地合い別,,0,772.8,648.6
4616,川上塗料,スタンダード,化学,breakout,2925.0,13.37,4.55,2.57,0.1,17.58,True,True,7.1,NG,NG,NG,NG,0.46,51.8,1820,地合い別,,0,3276.0,2749.5
6391,加地テック,スタンダード,機械,breakout,5130.0,3.85,6.62,2.22,0.1,6.75,True,False,6.54,NG,OK,OK,NG,0.46,51.8,1820,地合い別,,0,5745.6,4822.2
6400,不二精機,スタンダード,機械,breakout,322.0,1.26,2.02,2.66,0.1,8.78,True,False,1.9,NG,NG,NG,OK,0.46,51.8,1820,地合い別,,0,360.6,302.7
6664,オプトエレクトロニクス,スタンダード,電気機器,breakout,274.0,6.2,107.59,4.12,0.1,5.48,True,False,16.1,NG,NG,OK,NG,0.46,51.8,1820,地合い別,,0,306.9,257.6
6888,アクモス,スタンダード,情報・通信業,breakout,521.0,4.2,2.32,1.06,0.1,3.95,True,False,2.96,NG,OK,OK,OK,0.46,51.8,1820,地合い別,,0,583.5,489.7
7500,西川計測,スタンダード,卸売業,breakout,11450.0,4.09,12.33,1.75,0.1,12.07,True,False,4.95,NG,OK,NG,OK,0.46,51.8,1820,地合い別,,0,12824.0,10763.0
8944,ランドビジネス,スタンダード,不動産業,breakout,260.0,5.26,3.92,2.66,0.1,5.12,True,False,3.17,NG,NG,OK,OK,0.46,51.8,1820,地合い別,,0,291.2,244.4
9236,ジャパンＭ＆Ａソリューション,グロース,サービス業,breakout,1550.0,8.39,1.99,4.46,0.1,8.79,True,True,3.4,NG,NG,NG,OK,0.46,51.8,1820,地合い別,,0,1736.0,1457.0
1997,暁飯島工業,スタンダード,建設業,breakout,4360.0,6.99,3.18,1.48,0.0,8.64,True,False,6.34,NG,OK,NG,NG,0.46,51.8,1820,地合い別,,0,4883.2,4098.4
2795,日本プリメックス,スタンダード,卸売業,breakout,1016.0,1.8,2.17,1.24,0.0,5.26,True,False,5.28,NG,OK,OK,OK,0.46,51.8,1820,地合い別,,0,1137.9,955.0
3169,ミサワ,スタンダード,小売業,breakout,698.0,0.43,2.79,1.22,0.0,2.15,True,False,0.72,NG,OK,OK,OK,0.46,51.8,1820,地合い別,,0,781.8,656.1
3386,コスモ・バイオ,スタンダード,卸売業,breakout,1288.0,2.22,2.75,1.09,0.0,2.7,True,False,2.71,NG,OK,OK,OK,0.46,51.8,1820,地合い別,,0,1442.6,1210.7
3426,アトムリビンテック,スタンダード,金属製品,breakout,1310.0,0.92,3.4,0.44,0.0,0.83,True,False,0.23,NG,OK,OK,OK,0.46,51.8,1820,地合い別,,0,1467.2,1231.4
3979,うるる,グロース,情報・通信業,breakout,493.0,7.88,2.28,2.62,0.0,8.71,True,True,3.35,NG,NG,NG,OK,0.46,51.8,1820,地合い別,,0,552.2,463.4
4197,アスマーク,スタンダード,情報・通信業,breakout,2407.0,1.18,2.24,0.67,0.0,1.39,True,False,0.12,NG,OK,OK,OK,0.46,51.8,1820,地合い別,,0,2695.8,2262.6
4679,田谷,スタンダード,サービス業,breakout,271.0,2.26,3.35,1.19,0.0,2.45,True,False,0.74,NG,OK,OK,OK,0.46,51.8,1820,地合い別,,0,303.5,254.7
5162,朝日ラバー,スタンダード,ゴム製品,breakout,815.0,5.3,3.44,1.77,0.0,2.15,True,False,2.13,NG,OK,OK,OK,0.46,51.8,1820,地合い別,,0,912.8,766.1
5962,浅香工業,スタンダード,その他製品,breakout,2245.0,3.94,1.58,1.09,0.0,6.78,True,True,3.94,NG,OK,OK,OK,0.46,51.8,1820,地合い別,,0,2514.4,2110.3
6267,ゼネラルパッカー,スタンダード,機械,breakout,4290.0,4.38,2.19,0.85,0.0,5.29,True,False,2.26,NG,OK,OK,OK,0.46,51.8,1820,地合い別,,0,4804.8,4032.6
7687,ミクリード,グロース,卸売業,breakout,477.0,7.31,4.43,2.52,0.0,5.46,True,False,4.84,NG,NG,OK,OK,0.46,51.8,1820,地合い別,,0,534.2,448.4
7997,くろがね工作所,スタンダード,その他製品,breakout,1163.0,4.96,1.67,1.08,0.0,5.91,True,True,2.83,NG,OK,OK,OK,0.46,51.8,1820,地合い別,,0,1302.6,1093.2
9250,ＧＲＣＳ,グロース,サービス業,breakout,1079.0,3.85,3.28,2.48,0.0,6.31,True,False,2.76,NG,OK,OK,OK,0.46,51.8,1820,地合い別,,0,1208.5,1014.3
9362,兵機海運,スタンダード,倉庫・運輸関連業,breakout,3850.0,2.67,5.92,0.79,0.0,2.99,True,False,1.32,NG,OK,OK,OK,0.46,51.8,1820,地合い別,,0,4312.0,3619.0
9778,昴,スタンダード,サービス業,breakout,5650.0,2.54,2.75,0.8,0.0,1.58,True,False,2.17,NG,OK,OK,OK,0.46,51.8,1820,地合い別,,0,6328.0,5311.0
9978,文教堂グループホールディングス,スタンダード,小売業,breakout,46.0,2.22,3.16,2.33,0.0,3.51,True,False,4.55,NG,OK,OK,OK,0.46,51.8,1820,地合い別,,0,51.5,43.2
